000020
000255
000817
001102
000876
001313
001584
001707
001389
000766
000014
001040
001231
001614
000101
002061
000891
001017
001038
000910
001986
000267
001679
001562
001153
001487
000484
001798
001461
000930
000914
001988
001488
000637
000589
001320
001186
001501
000413
000877
001641
002062
001998
002015
001129
001591
000218
001692
000847
000844
001378
000036
001696
001088
001593
000083
000461
001521
001266
000302
001156
000832
000454
000203
000466
000177
000220
001399
001922
001117
001351
000712
000178
001407
000646
000234
001081
000764
001294
001194
001010
001735
000362
000587
000409
000663
001411
001800
000054
002075
001678
000612
000122
000107
001275
000785
000903
000384
001233
001444
001951
002005
002086
000901
000405
000761
000816
001365
001051
000964
001861
001910
000385
002000
000015
001013
000313
000688
000880
000367
000039
000828
001900
001915
000552
000567
001104
001063
001077
001895
000826
001079
001370
000336
001209
000708
000602
001795
001753
001451
002097
000487
000685
001851
000070
001628
000285
000608
001170
000043
000114
002077
000103
000803
002084
001931
000726
001687
000721
001369
000728
000173
001108
000556
001373
002085
001196
001987
001025
000742
001293
000199
000280
001177
001356
001024
000113
000917
000700
001539
000121
000997
001245
001996
000963
000309
001085
000017
000562
000993
001535
001069
000061
000063
000475
001439
000209
000073
001059
001402
001148
001289
001372
000856
002018
001159
001608
001870
000353
000391
001589
001821
001150
000882
001566
001739
001029
002036
000448
001884
001082
000542
001330
001385
001893
000395
001660
000943
000330
000153
000897
000394
000676
001519
000093
001441
000196
001247
000474
001321
000554
000112
001638
002063
000449
001929
000733
000812
001904
002088
000106
001061
000613
001602
001338
000636
001666
001740
001191
000778
000829
001606
000198
000241
000640
000080
001145
000128
000053
001658
001234
000456
000520
000578
001230
000986
001585
001548
000104
000360
002087
000204
001935
001577
000773
001235
001536
001008
001460
001927
000916
001412
000955
001111
000194
000630
002080
001032
000942
000296
001843
000965
000145
000504
002027
000802
001995
001807
000283
000257
001881
001785
001699
000576
001216
002091
001414
001546
000595
001482
000815
001078
001023
001283
001248
000361
000024
001299
001991
002040
002054
001236
001041
001784
001693
000011
001424
001754
001483
000591
000529
000193
000534
001763
000924
001961
001848
001938
000661
001221
001484
001046
000912
001755
001759
001509
001854
001916
000246
000028
001864
000403
001064
000996
000961
000047
000509
000781
000988
000900
000842
001766
000076
001959
000787
001413
000269
000873
001811
000530
000740
001456
000423
001761
001240
001086
001066
002082
002024
001823
000745
001067
000324
001044
000932
001188
001832
001522
000796
000822
000400
000191
002038
001889
001155
001801
001173
000166
001270
000224
001847
001218
001346
001136
000991
001322
002021
001866
001498
000001
001765
000190
000012
001133
001426
001469
000858
001015
000875
002025
001252
001966
000857
000852
000332
000130
001489
001166
001654
001020
000515
001872
000966
000881
000215
000983
000839
001285
000672
000704
001956
001146
000464
000523
000495
000652
000325
000297
001924
000006
000333
000904
000579
000398
001250
001298
000987
001551
000892
001949
001550
000265
001446
000181
000898
002003
002100
001141
000095
001418
001908
000314
001507
000699
000894
000320
000440
001632
001492
001556
001442
001728
001579
001981
002089
002001
001125
001089
001878
001715
000030
000920
001592
000139
001206
000477
001899
000051
001306
001733
000951
001360
001210
001941
001627
001380
001833
001254
000102
001192
000638
000643
001276
001558
000065
001317
000091
000848
000105
001824
001737
001158
000938
000508
000365
000243
001681
001287
001295
000811
000850
001315
000734
001055
001395
000626
000831
002032
001095
000364
000235
000768
001116
001752
000524
000327
001838
001098
000599
000994
000387
001661
000171
000925
001722
000029
000034
001193
000308
001220
000575
000941
001239
001476
000490
000237
000654
001969
000849
000642
001659
001511
000606
000512
000684
001419
001683
001572
001036
000968
000535
001816
000117
001903
002004
001290
001271
000252
000442
001965
001611
000827
000491
001405
000565
001653
001830
000468
001420
001513
000446
000213
001983
001376
000311
001773
001327
001651
001288
000755
000810
001802
000503
000622
000614
001554
001960
001954
001911
001258
000459
000305
000723
000971
000945
000156
000318
001982
000601
002083
000905
000681
001530
000373
001201
001974
001674
001926
001223
001262
001074
002034
001993
000356
001189
000208
000414
001844
001668
001686
000981
000691
000960
000458
001942
001992
000724
000521
000762
000476
000341
000174
001142
000262
000580
001914
000118
000895
002069
000695
000437
000064
000129
000899
000540
001502
000878
001887
000154
000150
001905
000233
000656
000667
000825
001495
000378
000698
000236
000541
000748
000946
000553
000146
001091
000152
000533
000229
001570
001531
001127
001615
000479
000322
000498
001917
000505
000087
001730
002070
000989
000611
000058
001323
001128
001478
001923
001172
001336
000430
000168
000109
000411
001375
000527
000624
001339
000896
000648
001499
000913
001195
000718
001084
000352
001764
000830
001561
001768
000657
000625
001184
001663
000316
000610
000902
001227
001804
001214
000140
001516
001860
000470
001011
000211
000165
001858
001859
000716
000278
000303
001906
001793
000756
001224
000016
001208
001587
001415
001787
001388
001219
000062
000926
001526
001803
000909
000922
000244
000686
000560
001334
000620
000868
000615
001726
001994
001544
001058
001512
001304
001727
001598
001712
001595
001408
000111
000585
001677
000344
001425
001076
001718
001486
001751
002047
001853
001713
001383
001174
001680
001261
000399
000536
001898
000119
001842
000223
001301
000921
000514
000954
000732
000919
001662
001603
001957
000142
001363
000005
001523
000549
001534
001070
001467
000976
001452
001508
002002
001876
000268
001529
000317
001633
001147
001113
000937
000618
000786
000443
001012
001368
000096
001026
001164
001331
001723
000094
002029
000467
001976
000651
001710
000779
000376
000088
001815
001525
001028
001115
001845
000650
002028
001018
001096
001118
000200
000668
001348
002060
001616
000696
000374
002074
000985
001367
001955
000783
000481
001200
000052
000056
000038
000097
002035
001457
001443
000120
001792
000186
001855
000911
001273
000927
000217
001841
000888
000133
000343
001533
001120
000824
000293
001073
001035
000493
001919
001980
001891
000577
000160
000441
001228
001474
001543
001846
000281
001568
000662
000189
001690
000794
001742
001272
001937
001465
000792
000769
001748
001075
000972
001886
001103
001506
001744
000079
001131
001447
000789
001750
000546
000725
000531
000358
000393
001314
000471
000639
001083
000673
000653
000569
000049
000959
000929
001831
000287
001178
001093
001849
001345
001590
000254
001366
001997
000425
000692
000550
002020
000775
001319
001381
001139
000958
001565
000928
000067
000337
000715
000369
000883
001237
000644
000347
001863
000210
000660
000736
000349
001048
001646
000933
000009
001109
001936
000163
001721
001907
001877
000232
000956
000743
000992
000125
001500
000377
000790
000887
000044
001296
000372
000499
001003
001242
000381
001775
001897
000609
001353
001211
001989
000291
000424
002037
000222
000386
001840
002092
001352
001625
001790
001702
001000
000462
001953
001532
000382
000212
001694
000069
001836
001636
000272
000465
000116
001541
002045
000299
001809
001255
000434
001126
000621
001979
001648
001930
001197
000240
000763
001359
000973
001092
000071
000334
001473
000439
002013
000380
001169
000270
000977
000853
001002
000231
000948
001019
001857
001204
000260
000228
000571
000526
001520
001207
000604
001549
000100
001305
002072
000679
000561
000545
001453
000705
000507
000658
001967
001324
001001
001181
000677
001528
001563
000833
001312
001445
001053
001374
000572
000603
000416
001144
000592
000537
000846
000090
000674
000286
000158
001265
000407
001175
000429
000501
001601
001879
000940
001709
001620
001057
000368
000598
000275
001623
001349
001734
000970
000854
000419
000593
000800
000402
001202
001557
000207
000002
001582
001123
000683
000157
000801
000675
001552
000934
000124
002076
000180
001406
000435
000227
000045
001776
001894
002079
001963
000551
001054
001343
001122
000982
001642
000750
001978
001410
000295
000616
000144
001624
000277
001947
000081
000351
000497
001940
001573
002052
000820
000823
001862
000957
001640
001789
000072
001706
000486
000710
001645
000633
001571
000597
001400
001448
001575
000851
001703
000271
002011
001649
000570
001762
001609
000689
000187
001542
002043
002065
001865
001119
001277
000059
001896
000183
000730
001599
000248
001701
002057
001796
000444
001746
000590
000729
000784
002042
002064
001463
000923
000247
000018
000995
000645
000126
000388
000619
000288
001826
001434
001161
000457
001964
000706
002044
000931
001950
000450
001685
000666
002068
000463
001212
001817
001794
001617
000496
000428
001729
001199
000410
001241
001524
001724
000148
000259
000007
002046
001604
000086
001664
000230
001328
001274
000979
000225
000339
001835
000872
001672
000837
001047
001326
001769
000884
001771
000032
001596
000990
000506
000055
000371
001121
001741
001325
001449
001471
000855
001022
001263
001711
001281
000042
001517
000473
001333
001946
000528
000363
000513
001433
000274
001278
000089
001643
000944
000641
001030
002073
001819
000131
001510
000799
002022
001392
001655
002030
001257
001458
001948
000375
001340
000806
001912
001403
000472
000161
000123
001440
001635
000489
000418
001112
001518
000682
000845
000709
000752
000319
001747
000862
000949
000665
001358
000607
000455
000635
000092
001007
000323
001684
001130
001436
001875
000664
001720
000814
000647
000132
001187
000483
001398
000266
000791
001885
000594
001669
001731
001432
001780
000950
000539
000690
001932
001975
000289
000176
000867
000013
001355
001105
001567
001387
001717
001179
000078
001943
000075
000202
001337
000170
001479
000808
000048
001384
000326
000687
000809
000511
000525
000250
001060
000167
001756
001944
000772
000522
000370
001564
000864
000390
001470
001183
001354
001427
001249
000057
000782
000544
001065
000431
001671
001791
001168
001810
000306
000469
001902
000584
001329
001014
000004
000188
001829
001697
000869
000627
000893
000649
000588
002006
001540
001472
000396
001094
002098
000216
001397
002096
001705
001618
002049
001309
001818
001977
000084
001778
000722
001779
001782
002059
000870
000518
000025
000795
001311
000427
000874
001667
001504
001332
001874
000258
000807
000137
000149
001871
001062
000885
000197
000494
001704
000159
001302
000162
000292
000480
000838
001454
001612
000738
000276
000974
000310
000066
000836
000023
001515
001569
000939
000510
001814
000581
000263
000697
001588
001350
002012
001786
001132
000226
001114
001553
001939
000205
001497
001732
001316
000634
000737
000804
000583
000445
000617
000366
000021
001307
000453
001438
001605
000947
001869
000354
000680
001342
000201
001873
000538
001647
002055
000488
001825
000249
001822
001143
000060
001594
000568
001182
000412
001820
001719
000980
001909
000532
002071
000758
001559
000757
000003
001808
000702
000253
000179
001106
000172
000771
001880
000110
001890
001417
001124
000548
001394
000975
000713
000264
002090
001361
000342
001101
000026
000331
000953
000547
000239
001925
001459
000821
001626
000735
001805
001138
000138
001580
001545
000328
001050
001644
000151
000774
000099
001152
000169
001267
000050
000340
001362
001390
002066
001576
000655
001736
001574
001049
001140
001335
000670
001176
000068
001297
002078
001856
001280
001691
000460
000074
001391
001269
001695
000195
002095
001043
000559
000719
001583
001253
001868
002093
001490
000859
000915
001099
000046
000155
001396
000447
000482
000345
000147
001918
001428
001783
000741
001622
001514
000574
001600
000027
001547
002058
001264
000632
000770
001006
000747
001068
001198
000135
001656
000214
000834
000519
001682
001300
000185
001034
001634
000564
000623
002050
001167
001689
000861
001151
000312
001913
001985
001788
001675
001450
001341
000500
000563
001494
000678
001225
000022
000082
000703
000886
001033
001631
000840
001928
001767
001238
001475
000134
000793
001581
000746
000485
001052
002007
001409
000426
001165
000701
000321
002031
000739
001056
001171
001560
001154
001621
001004
001725
000478
001972
002026
000984
001401
001670
000127
000999
000300
001990
001639
000759
001958
000907
001578
000669
002008
000436
000596
000359
001538
001797
001226
002010
001493
001229
002033
001107
001673
000085
000776
001555
000357
000338
001344
000558
001423
001468
001637
001850
000245
000998
000298
000516
001005
001282
000206
000889
001698
001157
000010
000219
001806
001839
000760
000108
001827
001377
000304
000600
001619
002056
000184
000582
002041
001009
001676
001774
001244
001629
001205
001286
001097
000969
001404
000605
000350
000978
001973
000019
000348
001758
001491
000420
001607
001968
001421
001770
000408
001246
001364
001837
001610
001466
000543
001970
000694
001137
001882
000749
001920
000843
001232
001527
000502
001087
000392
002009
001134
001213
001039
002081
001760
000421
001291
001416
001455
000798
001303
001757
000315
001657
002048
001021
001371
000720
000077
000238
000573
000566
001921
001045
001962
000175
000141
001243
000841
001256
001828
001382
000284
001260
000242
000433
000037
000355
001933
001135
000754
001203
000767
001310
000557
000031
001100
000555
000397
001430
001431
002014
001042
000860
000731
001393
001700
001429
001716
001110
001031
001503
000629
001185
001586
000871
000777
001386
000035
001505
001971
000813
000432
000401
001984
001799
001163
001379
000952
001180
000707
001652
002053
001251
001435
000383
000282
000492
000879
001464
001613
001852
001279
000918
000406
001813
001080
001071
000908
001259
000935
001934
000040
000517
002023
001072
001537
000788
000294
001477
001665
000866
001357
001485
000818
000335
001781
000451
001883
001162
000714
000962
001190
001738
000404
000346
001480
001749
000415
001597
000115
000751
002051
001745
000438
000797
000628
001496
001714
001952
001743
001016
000906
000329
000379
002019
000727
001892
001901
001630
000693
001650
001222
001347
000452
000256
000717
001945
001772
001215
001812
000835
000744
001708
000136
001160
000753
002039
000143
000780
000631
002094
000671
000417
000805
000279
000865
001688
000586
001422
002067
000890
001777
001027
001888
000765
001217
000422
000711
002099
001268
000659
001292
001462
000389
000008
001834
001149
000251
001308
001999
001090
000182
000098
001284
000273
000936
000192
002017
001318
000033
002016
000819
000967
000290
001037
000041
000261
001867
000164
000863
000221
000301
000307
001481
001437
