000604
001972
001611
001519
001048
001358
001946
001079
001084
000767
000284
001064
001874
000514
001168
000715
000474
001954
000824
000153
001160
001752
001147
001644
000400
000320
000828
001551
000931
000318
000470
000850
001173
001072
001262
001008
000554
001373
000935
000387
000655
000274
002035
000223
000625
000724
002005
000234
001208
002060
001819
000128
002001
000740
000705
001535
000801
001863
001172
001027
000818
000369
001763
000015
000221
001885
001033
000014
001595
000681
001061
001245
000602
000758
000905
000643
000183
001865
001746
001546
000633
000173
001099
001286
001751
000908
001918
001818
001263
000873
000004
001188
002056
000402
001311
000068
001254
000991
001414
000324
000018
000761
001021
001044
001901
000359
002089
000686
000495
000920
001813
001039
000352
000431
000808
000926
000550
001520
000910
000600
001235
000073
000741
001069
001325
000769
001148
000804
000845
002031
002026
001794
001318
000609
000357
000180
000813
001281
001352
001585
002016
000144
000975
001058
001340
000021
001732
001270
000168
001016
000087
001947
000065
001083
000294
001030
000100
000408
002054
000677
000325
001142
000059
000511
000924
001181
000136
001550
001900
001861
000756
001346
001791
000822
001221
000050
001615
001302
001236
000044
000229
001458
001523
000663
000999
001080
002070
000719
001952
000816
001933
000291
000247
001583
001738
000713
000370
001268
000792
001218
001686
001180
001713
000123
000996
002014
000915
000285
001334
001133
001765
000430
000889
000734
000564
000899
000288
001796
000676
000432
001739
001123
001470
000112
001040
000427
001830
000852
001109
001849
000212
000718
002061
002080
000279
001401
000727
000742
002037
001356
001009
000210
000747
000224
001884
001203
000911
000789
001146
000246
000340
001430
001410
001697
001862
001920
001917
001313
001224
001850
001124
000760
001421
000551
000498
001977
000251
000726
001396
000077
001643
001296
001494
000066
000777
000653
000788
000253
000679
001517
000078
001760
001564
001087
002049
001640
001930
000030
001145
001497
000830
001443
001973
001154
001495
000944
001469
001757
000444
000147
000923
001152
001826
000968
000367
001076
000266
000483
002008
001425
000970
000503
001705
001663
000800
001095
000707
000504
000293
000037
001821
001638
000500
001452
000081
002058
001840
000005
000903
000379
000043
001578
000638
002023
000588
000478
000455
001205
000248
000211
002073
000031
000863
000445
001510
000331
001241
000129
001691
001327
001555
000316
001418
000457
001290
001212
001559
000626
001798
000506
001939
000778
001394
000252
000447
002076
001957
000998
001793
001121
001305
002095
000521
000839
001480
001526
000093
000799
001743
001041
001042
001580
001698
000698
000281
000983
002048
000057
000053
001902
000471
001883
000729
001372
001074
001897
000421
000250
000401
000709
002081
001299
000458
000692
001729
001499
000349
001536
000190
001405
000452
001768
000892
000848
001409
000011
000462
001344
000524
001446
000981
001867
000289
000204
000627
000817
000084
001711
001277
001563
000228
000629
000562
001120
001676
001574
001114
001477
001963
001787
001258
001657
001771
002030
002075
000647
001722
000904
000840
000766
001420
001775
001282
000687
001195
000422
000479
000259
000209
001785
001240
000688
001851
000678
001712
000592
002017
000189
000463
001389
000001
001223
001852
000624
001695
001122
000240
001538
000827
001928
002021
000866
001187
001728
001333
001483
000917
001298
000094
000496
001696
000757
001548
000530
001554
000499
000199
000344
000092
001961
001457
001491
000505
001144
001498
001451
001979
000016
000052
000375
001553
001155
001289
001613
002043
000358
001022
001806
000666
000310
002033
001903
000606
001996
002018
000440
001359
000482
000515
000046
000831
001007
000049
001086
001472
000271
001170
000460
001014
000330
001197
000595
000307
000169
002099
001219
000493
001599
001767
000843
000876
000164
000642
000174
001581
001508
000969
001701
001194
001082
001448
001337
002022
001200
000545
001994
000002
000909
001096
000811
001165
000374
001969
001108
001330
001896
001308
000042
001616
001879
000029
000895
000088
000842
001112
001438
000106
001888
000082
000599
001399
000171
001288
001347
000202
000712
000109
002019
000200
001505
000423
000607
001057
000075
001997
001185
000469
000682
001370
000156
001489
001633
001204
002098
001387
001417
000694
000205
001990
001544
000323
001321
000218
000784
001799
001141
000701
001066
000743
001412
000868
002084
001541
000111
001191
000485
001429
001132
001453
000522
000759
001468
000309
001716
000735
002046
000994
001369
001594
000317
001447
000013
002077
001706
001992
001244
000396
000886
002004
000659
001607
000770
000699
000704
000036
001614
000231
000722
000175
000786
000385
000814
001090
001136
000946
001310
001067
001093
000555
000580
001462
001105
002097
001591
000099
002062
001759
000815
000104
000958
001784
001731
000960
000933
000641
000900
001647
000987
001774
000516
001140
001255
000371
000927
000192
000486
000585
001060
000583
001271
000494
000775
001230
000118
000974
002015
001814
000990
001482
000475
001220
000744
000519
001403
001539
001020
000086
001089
000416
001823
000465
000451
000628
001300
001345
000961
000239
001312
000134
001507
001063
001589
000437
002086
001213
001514
001604
001951
000569
001552
001243
000120
000009
000631
000806
000151
000660
001047
000157
001626
001927
000045
001646
001988
001769
001681
001586
001163
000404
000020
000048
001656
000255
001908
001291
001665
000435
000188
000733
001375
001287
000737
001838
001102
001478
001028
001789
000397
001685
001827
001893
001153
000127
001688
001413
001011
000277
000213
001433
001524
000297
001331
001434
000019
001717
001842
000732
001329
001247
001597
001558
001593
001783
002059
001720
001628
000449
000466
001198
000888
000342
001107
001749
000956
001215
001000
002029
001639
000227
000207
000608
000798
000544
001378
001231
001501
001718
001702
001246
000531
000856
000930
000476
001130
000179
000159
001848
002039
000386
000668
000639
000101
001031
000664
000509
000195
000091
001648
000278
001913
002067
001292
001178
000429
000117
001504
001515
001251
001645
000102
000601
000703
001608
000280
001427
001707
001441
000689
000986
001283
000510
001723
001846
000262
001937
001870
000441
001225
001253
001092
001956
002032
000774
000948
001679
001919
000708
000313
001858
001755
000869
000771
000125
000382
001680
000145
000158
001380
001209
001176
001361
000941
000976
001766
001440
000556
001100
001911
000260
001540
002065
000119
000794
001762
000133
001571
001488
001834
000154
000105
001719
000456
001202
001733
001923
001217
000967
000594
000738
000675
000459
001942
000872
000835
001043
001527
001811
001339
000674
000596
001266
000063
001301
000443
001484
000149
000782
001637
000161
001735
000938
000006
001284
001745
001131
001958
001786
001502
001267
000337
000345
000032
000879
002047
001129
000403
000523
000853
001456
002044
000529
000172
001094
000116
000272
001371
001432
001651
001887
000380
000490
001577
000832
001116
000446
000334
000864
000557
001590
000731
001909
001537
001075
001054
000949
001931
000354
000131
000097
001804
001795
000918
000311
000508
001184
001566
000710
000473
001890
000507
000064
001341
001642
001866
001407
000098
001999
001962
000695
001991
001500
000578
001668
000954
001567
000085
000366
001416
000755
000860
000943
000181
002041
000390
001936
000603
001740
000901
001439
000520
000616
001673
001898
001377
000203
000126
001617
000797
001285
000341
001600
001562
001561
000237
001304
000838
001196
000041
000685
000348
001516
001222
000997
000971
000859
000587
001886
000867
000857
000142
000972
000982
000206
001950
000022
000598
001899
001053
001859
001118
000165
000258
000736
000434
001968
001260
000468
001274
001400
000373
000108
000492
000141
000051
000683
001989
000377
001812
001503
001357
000480
000191
001467
000395
000925
001518
000536
000007
001836
001360
000472
000913
001234
000040
000623
000329
000754
001981
001683
001513
001570
001307
001772
000170
001619
001699
000343
000276
000593
001376
001189
001730
001724
000978
000399
000217
000680
000893
000453
000095
000220
001572
000497
001038
001831
001525
001582
000024
001279
000362
000765
000028
000851
000634
001549
000071
000613
001641
001473
001475
001966
000269
001856
000305
001437
001368
002057
000700
001192
000187
001276
001828
000419
001032
001367
001392
000096
000433
001778
001980
001362
001868
000245
000652
001264
001315
000083
001487
001353
002051
000372
002003
000418
001669
001847
001970
000691
000033
000611
000768
000439
000610
000963
001024
000261
000697
000295
000286
000070
000393
001592
000810
001006
000467
000155
000620
001971
000268
001782
001239
001837
000861
001052
000275
001101
001921
001444
001556
000739
000836
000017
001940
000928
001747
001754
000177
001742
001895
000966
000214
000501
001545
001800
001521
001135
001725
000795
000110
000414
000763
001809
001036
001986
000539
001658
000988
000303
000338
001336
000176
000243
001824
001269
000061
001684
001386
000391
001602
001382
000222
000298
001715
002088
001242
001880
001579
001803
000802
001335
001199
000950
000922
001324
000383
001385
000632
001975
000039
000809
000993
000363
000916
000138
000783
001450
001878
001915
001748
000654
001013
000878
000546
001943
002064
001474
000542
000537
001894
002028
000122
001822
002050
001449
001005
001882
001905
001295
001391
000361
001029
000322
001428
000186
002013
001605
001110
001569
000897
001737
001945
000882
001351
000378
000355
001161
001815
002093
000661
000646
000582
001117
000532
001533
001620
000847
000849
001964
000219
000887
000883
000132
000533
000056
000645
001584
000846
001159
002079
001654
001115
001275
001529
001211
000543
000723
000934
000089
001464
001237
000636
001422
001460
000669
002072
001960
002020
001233
001045
000182
001479
000376
001273
001560
000353
001442
000979
000233
001833
001914
000667
001342
000571
001025
000670
000321
000751
001779
002006
000410
001167
000890
001891
000525
002042
001398
002078
001955
000959
001103
001612
001871
000902
000772
000575
002071
001623
001214
000942
000780
001395
001216
001568
001177
001864
001932
000912
001166
000130
001098
002092
001606
001490
000388
001625
000150
000137
001415
000877
000193
002011
000871
000621
001476
000034
000553
000579
001565
000166
000566
000764
001959
000586
000750
001404
001113
001459
001511
000560
000477
000992
